#Saved a local transform of i360_parking.yaml
- easting: -4.053967430663761
  fix_type: 5.0
  northing: 2.4851416386663914
- easting: 28.916032569366507
  fix_type: 5.0
  northing: 2.4551416388712823
- easting: 29.936032569326926
  fix_type: 5.0
  northing: -6.634858360979706
- easting: -3.7539674306754023
  fix_type: 5.0
  northing: -6.294858361128718
